  Segment Node Node diam. length     node from           node to
 No. name from to                  x     y     z      x     y     z
   1.0000000e+00   0.0000000e+00   0.0000000e+00   1.4328000e+01   8.8230210e+00   1.0956000e+02   3.7101000e+02   1.2450000e+01   1.0707000e+02   3.7931000e+02   1.0790000e+01
   2.0000000e+00   0.0000000e+00   0.0000000e+00   1.4700000e+01   6.5354265e+00   1.1122000e+02   3.7018000e+02   1.2450000e+01   1.1620000e+02   3.6603000e+02   1.1620000e+01
   3.0000000e+00   0.0000000e+00   0.0000000e+00   1.6126000e+01   2.2286698e+01   1.1703000e+02   3.6520000e+02   1.1620000e+01   1.2699000e+02   3.4528000e+02   1.0790000e+01
   4.0000000e+00   0.0000000e+00   0.0000000e+00   1.3974000e+01   3.5738223e+01   1.1703000e+02   3.6603000e+02   1.1620000e+01   1.5189000e+02   3.5856000e+02   9.1300000e+00
   5.0000000e+00   0.0000000e+00   0.0000000e+00   7.6180000e+00   1.2938420e+01   1.5272000e+02   3.5856000e+02   9.1300000e+00   1.6517000e+02   3.6105000e+02   6.6400000e+00
   6.0000000e+00   0.0000000e+00   0.0000000e+00   1.4666000e+01   1.7993971e+01   3.6105000e+02   5.0630000e+01   1.9339000e+02   3.6935000e+02   5.3120000e+01   1.7762000e+02
   7.0000000e+00   0.0000000e+00   0.0000000e+00   1.8104000e+01   2.7339651e+01   3.7018000e+02   5.3950000e+01   1.7679000e+02   3.8844000e+02   5.8100000e+01   1.5687000e+02
   8.0000000e+00   0.0000000e+00   0.0000000e+00   1.5258000e+01   2.4802978e+01   3.8927000e+02   5.8100000e+01   1.5687000e+02   3.9176000e+02   4.1500000e+01   1.3861000e+02
   9.0000000e+00   0.0000000e+00   0.0000000e+00   1.5132000e+01   1.8297688e+01   3.9176000e+02   4.1500000e+01   1.3778000e+02   3.8263000e+02   5.7270000e+01   1.3612000e+02
   1.0000000e+01   0.0000000e+00   0.0000000e+00   1.1908000e+01   1.5054836e+01   3.9259000e+02   4.0670000e+01   1.3861000e+02   4.0255000e+02   2.9880000e+01   1.3529000e+02
   1.1000000e+01   0.0000000e+00   0.0000000e+00   1.1984000e+01   1.2505211e+01   3.8927000e+02   6.1420000e+01   1.5521000e+02   3.8180000e+02   7.0550000e+01   1.5106000e+02
   1.2000000e+01   0.0000000e+00   0.0000000e+00   1.3210000e+01   1.4012013e+01   3.9010000e+02   6.2250000e+01   1.5604000e+02   3.8844000e+02   7.5530000e+01   1.6019000e+02
   1.3000000e+01   0.0000000e+00   0.0000000e+00   1.8772000e+01   8.3413968e+00   3.8180000e+02   5.8100000e+01   1.3529000e+02   3.7848000e+02   6.3910000e+01   1.3031000e+02
   1.4000000e+01   0.0000000e+00   0.0000000e+00   1.1788000e+01   5.3790148e+00   3.8180000e+02   7.1380000e+01   1.5023000e+02   3.7848000e+02   7.5530000e+01   1.5106000e+02
   1.5000000e+01   0.0000000e+00   0.0000000e+00   1.3916000e+01   1.0300029e+01   3.8761000e+02   7.6360000e+01   1.6019000e+02   3.7765000e+02   7.7190000e+01   1.5770000e+02
   1.6000000e+01   0.0000000e+00   0.0000000e+00   1.8326000e+01   6.7429519e+00   3.7765000e+02   6.4740000e+01   1.3114000e+02   3.7433000e+02   7.0550000e+01   1.3031000e+02
   1.7000000e+01   0.0000000e+00   0.0000000e+00   1.0092000e+01   1.6454109e+01   3.7433000e+02   7.1380000e+01   1.3031000e+02   3.7599000e+02   7.9680000e+01   1.4442000e+02
   1.8000000e+01   0.0000000e+00   0.0000000e+00   1.8254000e+01   1.1197312e+01   3.7101000e+02   7.3870000e+01   1.2450000e+02   3.6686000e+02   7.8850000e+01   1.1537000e+02
   1.9000000e+01   0.0000000e+00   0.0000000e+00   1.0578000e+01   1.2084982e+01   3.6603000e+02   7.8850000e+01   1.1454000e+02   3.6271000e+02   9.0470000e+01   1.1454000e+02
   2.0000000e+01   0.0000000e+00   0.0000000e+00   1.6602000e+01   3.4998060e+01   3.6769000e+02   7.8020000e+01   1.1454000e+02   3.5109000e+02   7.5530000e+01   8.3830000e+01
   2.1000000e+01   0.0000000e+00   0.0000000e+00   1.4018000e+01   1.6928745e+01   3.5026000e+02   7.6360000e+01   8.3830000e+01   3.4030000e+02   8.9640000e+01   8.0510000e+01
   2.2000000e+01   0.0000000e+00   0.0000000e+00   1.4838000e+01   1.3149673e+01   3.5109000e+02   7.5530000e+01   8.3000000e+01   3.4362000e+02   7.4700000e+01   7.2210000e+01
   2.3000000e+01   0.0000000e+00   0.0000000e+00   2.4062000e+01   2.1306926e+01   3.4362000e+02   7.4700000e+01   7.1380000e+01   3.3283000e+02   6.8890000e+01   5.3950000e+01
   2.4000000e+01   0.0000000e+00   0.0000000e+00   2.3628000e+01   2.7339651e+01   3.3200000e+02   6.9720000e+01   5.3950000e+01   3.1540000e+02   9.1300000e+01   5.1460000e+01
   2.5000000e+01   0.0000000e+00   0.0000000e+00   3.0392000e+01   5.4962046e+01   3.3366000e+02   6.8060000e+01   5.3120000e+01   3.2702000e+02   2.2410000e+01   2.3240000e+01
   2.6000000e+01   0.0000000e+00   0.0000000e+00   2.0420000e+01   1.3228023e+01   3.6022000e+02   9.3790000e+01   1.1288000e+02   3.5524000e+02   9.9600000e+01   1.0209000e+02
   2.7000000e+01   0.0000000e+00   0.0000000e+00   1.7538000e+01   1.0821876e+01   3.2702000e+02   2.1580000e+01   2.3240000e+01   3.2619000e+02   1.0790000e+01   2.3240000e+01
   2.8000000e+01   0.0000000e+00   0.0000000e+00   3.0212000e+01   3.1984629e+01   3.1042000e+02   9.7110000e+01   5.0630000e+01   2.8552000e+02   1.1454000e+02   4.0670000e+01
   2.9000000e+01   0.0000000e+00   0.0000000e+00   3.8264000e+01   2.1160931e+01   2.8469000e+02   1.1454000e+02   4.0670000e+01   2.6809000e+02   1.2699000e+02   3.6520000e+01
   3.0000000e+01   0.0000000e+00   0.0000000e+00   3.7108000e+01   9.5359740e+00   2.6726000e+02   1.2782000e+02   3.7350000e+01   2.5896000e+02   1.3114000e+02   3.4030000e+01
   3.1000000e+01   0.0000000e+00   0.0000000e+00   2.7974000e+01   3.8548117e+01   2.5813000e+02   1.3031000e+02   3.3200000e+01   2.3655000e+02   1.0126000e+02   1.9920000e+01
   3.2000000e+01   0.0000000e+00   0.0000000e+00   3.7394000e+01   7.8152335e+01   2.5813000e+02   1.3197000e+02   3.4030000e+01   2.2825000e+02   2.0418000e+02   3.3200000e+01
   3.3000000e+01   0.0000000e+00   0.0000000e+00   1.6838000e+01   9.2051453e+00   2.3655000e+02   1.0126000e+02   1.9090000e+01   2.3738000e+02   1.0209000e+02   9.9600000e+00
   3.4000000e+01   0.0000000e+00   0.0000000e+00   3.8950000e+01   1.9447522e+01   2.2825000e+02   2.0501000e+02   3.3200000e+01   2.2161000e+02   2.2327000e+02   3.2370000e+01
   3.5000000e+01   0.0000000e+00   0.0000000e+00   1.9174000e+01   6.3281717e+01   2.3406000e+02   9.6280000e+01   1.9920000e+01   2.1331000e+02   3.6520000e+01   2.1580000e+01
   3.6000000e+01   0.0000000e+00   0.0000000e+00   3.0984000e+01   9.6118874e+01   2.2161000e+02   2.2410000e+02   3.2370000e+01   1.7430000e+02   3.0627000e+02   1.6600000e+01
   3.7000000e+01   0.0000000e+00   0.0000000e+00   1.6656000e+01   8.2617318e+01   2.2244000e+02   2.2410000e+02   3.2370000e+01   2.9382000e+02   2.6062000e+02   5.2290000e+01
   3.8000000e+01   0.0000000e+00   0.0000000e+00   3.1372000e+01   5.3145931e+00   2.1331000e+02   3.5690000e+01   2.1580000e+01   2.1497000e+02   3.0710000e+01   2.2410000e+01
   3.9000000e+01   0.0000000e+00   0.0000000e+00   2.8296000e+01   1.2587573e+01   2.9465000e+02   2.6062000e+02   5.2290000e+01   3.0046000e+02   2.6809000e+02   4.3990000e+01
   4.0000000e+01   0.0000000e+00   0.0000000e+00   3.4808000e+01   1.3763993e+01   2.9465000e+02   2.6062000e+02   5.3120000e+01   2.9382000e+02   2.5481000e+02   6.5570000e+01
   4.1000000e+01   0.0000000e+00   0.0000000e+00   3.7948000e+01   1.6867593e+01   2.1414000e+02   2.9880000e+01   2.2410000e+01   2.0916000e+02   1.4110000e+01   2.5730000e+01
   4.2000000e+01   0.0000000e+00   0.0000000e+00   1.8524000e+01   7.4450584e+01   2.1580000e+02   3.0710000e+01   2.2410000e+01   2.8718000e+02   5.1460000e+01   2.6560000e+01
   4.3000000e+01   0.0000000e+00   0.0000000e+00   1.5808000e+01   2.5243465e+01   1.7430000e+02   3.0710000e+02   1.5770000e+01   1.5438000e+02   3.2204000e+02   1.1620000e+01
   4.4000000e+01   0.0000000e+00   0.0000000e+00   3.4342000e+01   3.5213918e+00   2.9382000e+02   2.5398000e+02   6.6400000e+01   2.9299000e+02   2.5315000e+02   6.9720000e+01
   4.5000000e+01   0.0000000e+00   0.0000000e+00   1.8748000e+01   1.1912741e+01   1.5355000e+02   3.2287000e+02   1.1620000e+01   1.4940000e+02   3.3117000e+02   4.1500000e+00
   4.6000000e+01   0.0000000e+00   0.0000000e+00   2.0236000e+01   4.5460972e+00   3.0378000e+02   2.7058000e+02   4.0670000e+01   3.0793000e+02   2.6975000e+02   3.9010000e+01
   4.7000000e+01   0.0000000e+00   0.0000000e+00   1.8198000e+01   2.2440720e+01   3.0378000e+02   2.7141000e+02   4.0670000e+01   3.1457000e+02   2.8884000e+02   3.1540000e+01
   4.8000000e+01   0.0000000e+00   0.0000000e+00   3.3126000e+01   2.7851416e+01   2.9299000e+02   2.5315000e+02   7.1380000e+01   2.7805000e+02   2.7058000e+02   8.7150000e+01
   4.9000000e+01   0.0000000e+00   0.0000000e+00   1.5826000e+01   1.0758030e+01   2.7722000e+02   2.7058000e+02   8.6320000e+01   2.6892000e+02   2.6394000e+02   8.4660000e+01
   5.0000000e+01   0.0000000e+00   0.0000000e+00   2.6572000e+01   6.3753510e+00   2.7805000e+02   2.7141000e+02   8.7980000e+01   2.7390000e+02   2.7556000e+02   9.0470000e+01
   5.1000000e+01   0.0000000e+00   0.0000000e+00   3.3102000e+01   6.1363893e+01   2.9548000e+02   2.4900000e+02   7.1380000e+01   3.3449000e+02   2.0252000e+02   6.2250000e+01
   5.2000000e+01   0.0000000e+00   0.0000000e+00   1.9678000e+01   1.2338837e+01   3.1706000e+02   2.9050000e+02   2.9050000e+01   3.2370000e+02   2.8552000e+02   1.9920000e+01
   5.3000000e+01   0.0000000e+00   0.0000000e+00   2.2250000e+01   8.2165808e+00   3.1706000e+02   2.9133000e+02   2.9050000e+01   3.2038000e+02   2.9880000e+02   2.8220000e+01
   5.4000000e+01   0.0000000e+00   0.0000000e+00   1.7424000e+01   2.5783493e+01   3.3449000e+02   2.0169000e+02   6.3080000e+01   3.2868000e+02   1.9837000e+02   8.7980000e+01
   5.5000000e+01   0.0000000e+00   0.0000000e+00   3.1222000e+01   1.4134391e+01   3.3532000e+02   2.0169000e+02   6.1420000e+01   3.4445000e+02   1.9090000e+02   6.1420000e+01
   5.6000000e+01   0.0000000e+00   0.0000000e+00   3.4232000e+01   1.6200954e+01   2.6975000e+02   2.7971000e+02   9.3790000e+01   2.5813000e+02   2.9050000e+02   9.7110000e+01
   5.7000000e+01   0.0000000e+00   0.0000000e+00   1.6094000e+01   1.9394314e+01   2.7141000e+02   2.7805000e+02   9.4620000e+01   2.7224000e+02   2.7473000e+02   1.1371000e+02
   5.8000000e+01   0.0000000e+00   0.0000000e+00   1.2678000e+01   2.3912068e+01   3.2453000e+02   2.8552000e+02   1.9090000e+01   3.4528000e+02   2.9714000e+02   1.6600000e+01
   5.9000000e+01   0.0000000e+00   0.0000000e+00   2.4742000e+01   4.4696868e+00   3.2121000e+02   2.9963000e+02   2.8220000e+01   3.2287000e+02   3.0378000e+02   2.8220000e+01
   6.0000000e+01   0.0000000e+00   0.0000000e+00   1.3630000e+01   9.6079446e+00   3.2868000e+02   1.9837000e+02   8.8810000e+01   3.3034000e+02   1.9256000e+02   9.6280000e+01
   6.1000000e+01   0.0000000e+00   0.0000000e+00   1.9626000e+01   2.5120358e+01   3.4528000e+02   2.9797000e+02   1.7430000e+01   3.2536000e+02   3.0793000e+02   2.9050000e+01
   6.2000000e+01   0.0000000e+00   0.0000000e+00   1.0430000e+01   3.5699650e+01   3.4611000e+02   2.9631000e+02   1.7430000e+01   3.6520000e+02   2.6643000e+02   2.1580000e+01
   6.3000000e+01   0.0000000e+00   0.0000000e+00   3.3878000e+01   2.8097676e+01   2.5730000e+02   2.9133000e+02   9.7110000e+01   2.4402000e+02   3.1540000e+02   9.1300000e+01
   6.4000000e+01   0.0000000e+00   0.0000000e+00   1.8100000e+01   9.4634560e+00   2.7224000e+02   2.7473000e+02   1.1454000e+02   2.7224000e+02   2.7224000e+02   1.2367000e+02
   6.5000000e+01   0.0000000e+00   0.0000000e+00   2.4614000e+01   6.7429519e+00   3.2453000e+02   3.0710000e+02   2.9050000e+01   3.2785000e+02   3.0295000e+02   2.4900000e+01
   6.6000000e+01   0.0000000e+00   0.0000000e+00   2.0774000e+01   9.1676496e+00   3.2536000e+02   3.0876000e+02   2.9880000e+01   3.2951000e+02   3.1623000e+02   3.3200000e+01
   6.7000000e+01   0.0000000e+00   0.0000000e+00   1.4574000e+01   9.3167269e+00   3.2204000e+02   3.0461000e+02   2.8220000e+01   3.1291000e+02   3.0378000e+02   2.6560000e+01
   6.8000000e+01   0.0000000e+00   0.0000000e+00   1.2360000e+01   2.8195578e+01   3.6603000e+02   2.6560000e+02   2.1580000e+01   3.8014000e+02   2.4568000e+02   3.5690000e+01
   6.9000000e+01   0.0000000e+00   0.0000000e+00   3.5148000e+01   7.1399300e+00   2.4319000e+02   3.1623000e+02   9.1300000e+01   2.3987000e+02   3.2204000e+02   8.8810000e+01
   7.0000000e+01   0.0000000e+00   0.0000000e+00   1.7916000e+01   7.8740714e+00   2.7141000e+02   2.7307000e+02   1.2450000e+02   2.7224000e+02   2.6892000e+02   1.3114000e+02
   7.1000000e+01   0.0000000e+00   0.0000000e+00   3.5614000e+01   2.2286698e+01   3.4611000e+02   1.9090000e+02   5.7270000e+01   3.5607000e+02   1.9173000e+02   3.7350000e+01
   7.2000000e+01   0.0000000e+00   0.0000000e+00   1.6172000e+01   2.3839935e+01   3.4528000e+02   1.8675000e+02   6.4740000e+01   3.3366000e+02   1.6766000e+02   5.6440000e+01
   7.3000000e+01   0.0000000e+00   0.0000000e+00   3.1572000e+01   1.5146079e+01   3.4694000e+02   1.8592000e+02   6.3910000e+01   3.5607000e+02   1.7430000e+02   6.7230000e+01
   7.4000000e+01   0.0000000e+00   0.0000000e+00   1.8596000e+01   7.1399300e+00   3.2868000e+02   3.1706000e+02   3.4030000e+01   3.3117000e+02   3.2287000e+02   3.7350000e+01
   7.5000000e+01   0.0000000e+00   0.0000000e+00   1.3114000e+01   1.3888556e+01   3.3283000e+02   1.6683000e+02   5.7270000e+01   3.2785000e+02   1.5687000e+02   6.5570000e+01
   7.6000000e+01   0.0000000e+00   0.0000000e+00   1.1624000e+01   1.8596446e+01   3.3366000e+02   1.6683000e+02   5.5610000e+01   3.3615000e+02   1.5189000e+02   4.4820000e+01
   7.7000000e+01   0.0000000e+00   0.0000000e+00   9.8760000e+00   9.7149009e+00   3.8014000e+02   2.4485000e+02   3.6520000e+01   3.8263000e+02   2.3821000e+02   4.3160000e+01
   7.8000000e+01   0.0000000e+00   0.0000000e+00   3.9752000e+01   5.9273856e+00   2.3904000e+02   3.2287000e+02   8.8810000e+01   2.3489000e+02   3.2702000e+02   8.7980000e+01
   7.9000000e+01   0.0000000e+00   0.0000000e+00   2.1402000e+01   2.7752301e+01   3.5607000e+02   1.9173000e+02   3.6520000e+01   3.6520000e+02   1.8675000e+02   1.0790000e+01
   8.0000000e+01   0.0000000e+00   0.0000000e+00   1.9170000e+01   3.1474405e+01   3.5607000e+02   1.7347000e+02   6.8060000e+01   3.7350000e+02   1.4774000e+02   7.3040000e+01
   8.1000000e+01   0.0000000e+00   0.0000000e+00   1.9118000e+01   5.3790148e+00   3.3117000e+02   3.2370000e+02   3.8180000e+01   3.3034000e+02   3.2785000e+02   4.1500000e+01
   8.2000000e+01   0.0000000e+00   0.0000000e+00   8.1280000e+00   1.0432938e+01   3.2785000e+02   1.5604000e+02   6.6400000e+01   3.3034000e+02   1.4774000e+02   7.2210000e+01
   8.3000000e+01   0.0000000e+00   0.0000000e+00   7.6980000e+00   1.2338837e+01   3.2951000e+02   3.2868000e+02   4.0670000e+01   3.2287000e+02   3.3781000e+02   3.5690000e+01
   8.4000000e+01   0.0000000e+00   0.0000000e+00   1.5810000e+01   3.0280784e+01   3.3034000e+02   3.2868000e+02   4.1500000e+01   3.4611000e+02   3.4611000e+02   6.0590000e+01
   8.5000000e+01   0.0000000e+00   0.0000000e+00   2.4714000e+01   3.5699650e+01   2.3489000e+02   3.2785000e+02   8.7150000e+01   2.2161000e+02   3.5856000e+02   7.4700000e+01
   8.6000000e+01   0.0000000e+00   0.0000000e+00   1.7536000e+01   1.2750702e+01   3.6520000e+02   1.8675000e+02   9.9600000e+00   3.6354000e+02   1.7513000e+02   4.9800000e+00
   8.7000000e+01   0.0000000e+00   0.0000000e+00   1.8784000e+01   3.0109673e+01   3.7350000e+02   1.4691000e+02   7.3040000e+01   3.9508000e+02   1.2699000e+02   7.9680000e+01
   8.8000000e+01   0.0000000e+00   0.0000000e+00   1.2786000e+01   2.6154879e+01   3.4611000e+02   3.4694000e+02   6.1420000e+01   3.5275000e+02   3.6354000e+02   8.0510000e+01
   8.9000000e+01   0.0000000e+00   0.0000000e+00   1.7022000e+01   2.5352390e+01   3.2204000e+02   3.3864000e+02   3.5690000e+01   3.1623000e+02   3.6188000e+02   4.3990000e+01
   9.0000000e+01   0.0000000e+00   0.0000000e+00   1.5836000e+01   3.7762720e+01   3.5192000e+02   3.6271000e+02   8.1340000e+01   3.4113000e+02   3.8429000e+02   1.1039000e+02
   9.1000000e+01   0.0000000e+00   0.0000000e+00   1.6036000e+01   3.2038430e+01   3.5358000e+02   3.6437000e+02   8.0510000e+01   3.7433000e+02   3.8761000e+02   7.3040000e+01
   9.2000000e+01   0.0000000e+00   0.0000000e+00   1.8466000e+01   3.5428460e+01   3.9591000e+02   1.2616000e+02   7.9680000e+01   4.2081000e+02   1.0209000e+02   8.7150000e+01
   9.3000000e+01   0.0000000e+00   0.0000000e+00   2.0122000e+01   2.0330765e+01   2.2161000e+02   3.6354000e+02   7.3040000e+01   2.0501000e+02   3.7516000e+02   7.4700000e+01
   9.4000000e+01   0.0000000e+00   0.0000000e+00   1.9278000e+01   2.1659661e+01   2.2244000e+02   3.6354000e+02   7.2210000e+01   2.3572000e+02   3.7931000e+02   6.5570000e+01
   9.5000000e+01   0.0000000e+00   0.0000000e+00   1.5896000e+01   9.8905915e+00   3.1540000e+02   3.6271000e+02   4.3990000e+01   3.0793000e+02   3.6769000e+02   3.9840000e+01
   9.6000000e+01   0.0000000e+00   0.0000000e+00   1.6936000e+01   1.6724037e+01   3.4113000e+02   3.8512000e+02   1.1454000e+02   3.3615000e+02   3.8761000e+02   1.3031000e+02
   9.7000000e+01   0.0000000e+00   0.0000000e+00   1.9248000e+01   1.9868057e+01   2.0418000e+02   3.7599000e+02   7.5530000e+01   1.8758000e+02   3.8678000e+02   7.3870000e+01
   9.8000000e+01   0.0000000e+00   0.0000000e+00   2.1348000e+01   4.8232928e+01   3.0710000e+02   3.6852000e+02   4.0670000e+01   2.6975000e+02   3.9674000e+02   2.9050000e+01
   9.9000000e+01   0.0000000e+00   0.0000000e+00   1.8096000e+01   1.5682388e+01   2.3738000e+02   3.8180000e+02   6.5570000e+01   2.4568000e+02   3.9508000e+02   6.6400000e+01
   1.0000000e+02   0.0000000e+00   0.0000000e+00   1.6456000e+01   6.9368339e+01   2.3821000e+02   3.8097000e+02   6.3910000e+01   2.2576000e+02   3.3615000e+02   1.2450000e+01
   1.0100000e+02   0.0000000e+00   0.0000000e+00   2.0098000e+01   5.8689863e+00   3.3532000e+02   3.8761000e+02   1.3114000e+02   3.3117000e+02   3.8512000e+02   1.3446000e+02
   1.0200000e+02   0.0000000e+00   0.0000000e+00   1.6570000e+01   3.0314891e+01   1.8592000e+02   3.8761000e+02   7.3040000e+01   1.6185000e+02   4.0587000e+02   7.0550000e+01
   1.0300000e+02   0.0000000e+00   0.0000000e+00   1.4418000e+01   3.2465628e+01   1.8675000e+02   3.8844000e+02   7.3040000e+01   1.7264000e+02   4.1749000e+02   6.9720000e+01
   1.0400000e+02   0.0000000e+00   0.0000000e+00   1.5738000e+01   3.9466478e+01   2.2659000e+02   3.3532000e+02   1.1620000e+01   2.6311000e+02   3.2038000e+02   1.0790000e+01
   1.0500000e+02   0.0000000e+00   0.0000000e+00   2.7976000e+01   2.0075022e+01   2.6560000e+02   4.0089000e+02   2.7390000e+01   2.5066000e+02   4.1334000e+02   2.2410000e+01
   1.0600000e+02   0.0000000e+00   0.0000000e+00   1.8426000e+01   1.2587573e+01   2.6726000e+02   4.0089000e+02   2.7390000e+01   2.7556000e+02   4.1002000e+02   2.4900000e+01
   1.0700000e+02   0.0000000e+00   0.0000000e+00   2.6656000e+01   2.4747366e+01   1.6102000e+02   4.0670000e+02   7.0550000e+01   1.3861000e+02   4.1666000e+02   6.7230000e+01
   1.0800000e+02   0.0000000e+00   0.0000000e+00   1.8732000e+01   7.0427835e+00   1.7181000e+02   4.1666000e+02   6.9720000e+01   1.6683000e+02   4.1168000e+02   6.9720000e+01
   1.0900000e+02   0.0000000e+00   0.0000000e+00   1.6496000e+01   1.9606280e+01   2.2161000e+02   3.3615000e+02   1.0790000e+01   2.0252000e+02   3.4030000e+02   9.1300000e+00
   1.1000000e+02   0.0000000e+00   0.0000000e+00   1.6154000e+01   2.7048323e+01   2.7639000e+02   4.1085000e+02   2.4900000e+01   3.0212000e+02   4.0255000e+02   2.5730000e+01
   1.1100000e+02   0.0000000e+00   0.0000000e+00   2.7828000e+01   1.8447672e+01   1.3778000e+02   4.1749000e+02   6.7230000e+01   1.2367000e+02   4.1998000e+02   7.8850000e+01
   1.1200000e+02   0.0000000e+00   0.0000000e+00   1.8502000e+01   4.7780902e+01   1.2367000e+02   4.1998000e+02   7.9680000e+01   1.5355000e+02   4.0919000e+02   1.1537000e+02
   1.1300000e+02   0.0000000e+00   0.0000000e+00   1.8660000e+01   2.2684980e+01   3.0627000e+02   3.9923000e+02   2.2410000e+01   3.2204000e+02   3.8346000e+02   1.8260000e+01
   1.1400000e+02   0.0000000e+00   0.0000000e+00   1.9878000e+01   6.6916739e+00   1.5438000e+02   4.0919000e+02   1.1620000e+02   1.5936000e+02   4.0753000e+02   1.2035000e+02
   1.1500000e+02   0.0000000e+00   0.0000000e+00   1.4992000e+01   1.6785711e+01   3.2453000e+02   3.8180000e+02   1.7430000e+01   3.3781000e+02   3.7184000e+02   1.4940000e+01
   1.1600000e+02   0.0000000e+00   0.0000000e+00   1.7174000e+01   1.1649605e+01   3.3781000e+02   3.7101000e+02   1.4110000e+01   3.2951000e+02   3.6769000e+02   6.6400000e+00
   1.1700000e+02   0.0000000e+00   0.0000000e+00   1.8974000e+01   1.5326934e+01   3.3864000e+02   3.7101000e+02   1.4110000e+01   3.5192000e+02   3.6520000e+02   1.9090000e+01
   1.1800000e+02   0.0000000e+00   0.0000000e+00   2.0372000e+01   2.5555375e+01   3.5275000e+02   3.6437000e+02   1.9090000e+01   3.6935000e+02   3.4611000e+02   2.5730000e+01
   1.1900000e+02   0.0000000e+00   0.0000000e+00   1.7646000e+01   1.3613012e+01   3.7018000e+02   3.4528000e+02   2.6560000e+01   3.7682000e+02   3.3366000e+02   2.4070000e+01
   1.2000000e+02   0.0000000e+00   0.0000000e+00   1.7204000e+01   1.2226663e+01   3.7765000e+02   3.3283000e+02   2.4900000e+01   3.8595000e+02   3.2536000e+02   2.9880000e+01
   1.2100000e+02   0.0000000e+00   0.0000000e+00   1.9200000e+01   1.4893818e+01   3.8678000e+02   3.2453000e+02   3.0710000e+01   3.9757000e+02   3.1457000e+02   3.3200000e+01
   1.2200000e+02   0.0000000e+00   0.0000000e+00   1.6186000e+01   2.4509606e+01   3.9674000e+02   3.1374000e+02   3.4030000e+01   4.0504000e+02   2.9382000e+02   4.5650000e+01
   1.2300000e+02   0.0000000e+00   0.0000000e+00   1.9422000e+01   5.1164636e+00   4.0587000e+02   2.9299000e+02   4.6480000e+01   4.0753000e+02   2.8884000e+02   4.8970000e+01
   1.2400000e+02   0.0000000e+00   0.0000000e+00   8.1880000e+00   1.0028928e+01   4.0753000e+02   2.8801000e+02   4.9800000e+01   4.0836000e+02   2.8054000e+02   5.6440000e+01
   1.2500000e+02   0.0000000e+00   0.0000000e+00   1.5680000e+01   7.3303615e+00   4.0753000e+02   2.7971000e+02   5.6440000e+01   4.0338000e+02   2.7805000e+02   6.2250000e+01
   1.2600000e+02   0.0000000e+00   0.0000000e+00   1.5674000e+01   1.7743373e+01   4.0338000e+02   2.7805000e+02   6.3080000e+01   4.1334000e+02   2.6809000e+02   7.3870000e+01
   1.2700000e+02   0.0000000e+00   0.0000000e+00   6.5240000e+00   1.1104643e+01   4.1251000e+02   2.7805000e+02   5.7270000e+01   4.2164000e+02   2.7224000e+02   5.9760000e+01
   1.2800000e+02   0.0000000e+00   0.0000000e+00   9.6740000e+00   9.6079446e+00   4.2081000e+02   2.7141000e+02   6.0590000e+01   4.1500000e+02   2.6975000e+02   6.8060000e+01
   1.2900000e+02   0.0000000e+00   0.0000000e+00   6.4960000e+00   1.1970430e+01   4.2330000e+02   2.7058000e+02   6.0590000e+01   4.2330000e+02   2.6394000e+02   7.0550000e+01
   1.3000000e+02   0.0000000e+00   0.0000000e+00   1.0510000e+01   7.8740714e+00   4.1583000e+02   2.6394000e+02   7.8020000e+01   4.1666000e+02   2.5979000e+02   8.4660000e+01
   1.3100000e+02   0.0000000e+00   0.0000000e+00   1.3304000e+01   4.2321862e+00   4.1666000e+02   2.6394000e+02   7.7190000e+01   4.2081000e+02   2.6394000e+02   7.6360000e+01
   1.3200000e+02   0.0000000e+00   0.0000000e+00   1.2638000e+01   1.4207311e+01   4.1583000e+02   2.5979000e+02   8.5490000e+01   4.1085000e+02   2.6062000e+02   9.8770000e+01
   1.3300000e+02   0.0000000e+00   0.0000000e+00   1.6204000e+01   8.3413968e+00   4.1915000e+02   2.5730000e+02   8.6320000e+01   4.2247000e+02   2.5232000e+02   9.2130000e+01
   1.3400000e+02   0.0000000e+00   0.0000000e+00   9.0620000e+00   6.7429519e+00   4.1002000e+02   2.6145000e+02   1.0209000e+02   4.0670000e+02   2.6228000e+02   1.0790000e+02
   1.3500000e+02   0.0000000e+00   0.0000000e+00   8.1300000e+00   1.3511421e+01   4.2330000e+02   2.5149000e+02   9.2960000e+01   4.2330000e+02   2.4900000e+02   1.0624000e+02
   1.3600000e+02   0.0000000e+00   0.0000000e+00   1.4904000e+01   2.5836875e+01   4.0587000e+02   2.6228000e+02   1.0873000e+02   4.0753000e+02   2.6062000e+02   1.3446000e+02
   1.3700000e+02   0.0000000e+00   0.0000000e+00   8.3020000e+00   7.6070757e+00   4.0836000e+02   2.6062000e+02   1.3529000e+02   4.1168000e+02   2.5896000e+02   1.4193000e+02
   1.3800000e+02   0.0000000e+00   0.0000000e+00   1.2408000e+01   6.6916739e+00   4.1251000e+02   2.5813000e+02   1.4193000e+02   4.1832000e+02   2.5481000e+02   1.4193000e+02
   1.3900000e+02   0.0000000e+00   0.0000000e+00   1.4618000e+01   2.8341796e+01   8.3000000e+01   4.2330000e+01   2.6892000e+02   8.5490000e+01   4.1500000e+01   2.4070000e+02
   1.4000000e+02   0.0000000e+00   0.0000000e+00   1.8306000e+01   1.1135619e+01   8.6320000e+01   4.1500000e+01   2.3987000e+02   9.4620000e+01   4.4820000e+01   2.3323000e+02
   1.4100000e+02   0.0000000e+00   0.0000000e+00   1.1686000e+01   2.0279874e+01   9.4620000e+01   4.5650000e+01   2.3240000e+02   1.1288000e+02   5.1460000e+01   2.2576000e+02
   1.4200000e+02   0.0000000e+00   0.0000000e+00   1.7202000e+01   1.4684199e+01   1.1371000e+02   5.1460000e+01   2.2576000e+02   1.1869000e+02   6.3080000e+01   2.1829000e+02
   1.4300000e+02   0.0000000e+00   0.0000000e+00   1.8030000e+01   1.8297688e+01   1.1786000e+02   6.3080000e+01   2.1829000e+02   1.2865000e+02   7.4700000e+01   2.0916000e+02
   1.4400000e+02   0.0000000e+00   0.0000000e+00   1.3868000e+01   7.2357722e+00   1.2948000e+02   7.5530000e+01   2.0833000e+02   1.3446000e+02   8.0510000e+01   2.0667000e+02
   1.4500000e+02   0.0000000e+00   0.0000000e+00   1.2812000e+01   9.2796821e+00   1.3944000e+02   8.3830000e+01   2.0916000e+02   1.3944000e+02   7.5530000e+01   2.1331000e+02
   1.4600000e+02   0.0000000e+00   0.0000000e+00   1.8166000e+01   3.7276149e+01   1.4027000e+02   8.5490000e+01   2.0916000e+02   1.6185000e+02   1.1039000e+02   2.2659000e+02
   1.4700000e+02   0.0000000e+00   0.0000000e+00   3.1420000e+01   1.1825680e+01   1.6185000e+02   1.1039000e+02   2.2742000e+02   1.5936000e+02   1.1454000e+02   2.3821000e+02
   1.4800000e+02   0.0000000e+00   0.0000000e+00   1.9214000e+01   2.9109225e+01   1.6268000e+02   1.1122000e+02   2.2659000e+02   1.8094000e+02   1.2035000e+02   2.0584000e+02
   1.4900000e+02   0.0000000e+00   0.0000000e+00   1.5002000e+01   2.0516284e+01   1.3944000e+02   8.7150000e+01   2.0335000e+02   1.2865000e+02   8.7980000e+01   1.8592000e+02
   1.5000000e+02   0.0000000e+00   0.0000000e+00   1.6274000e+01   1.6641448e+01   1.4110000e+02   8.7980000e+01   2.0335000e+02   1.4525000e+02   9.1300000e+01   1.8758000e+02
   1.5100000e+02   0.0000000e+00   0.0000000e+00   1.8202000e+01   4.4115105e+01   1.5853000e+02   1.1454000e+02   2.3821000e+02   1.2118000e+02   1.3778000e+02   2.3489000e+02
   1.5200000e+02   0.0000000e+00   0.0000000e+00   2.4796000e+01   1.4134391e+01   1.6019000e+02   1.1371000e+02   2.4236000e+02   1.5936000e+02   1.0707000e+02   2.5481000e+02
   1.5300000e+02   0.0000000e+00   0.0000000e+00   1.7142000e+01   1.9989047e+01   1.6102000e+02   1.1371000e+02   2.4236000e+02   1.7098000e+02   1.1869000e+02   2.5896000e+02
   1.5400000e+02   0.0000000e+00   0.0000000e+00   1.5330000e+01   1.6826702e+01   1.8177000e+02   1.2035000e+02   2.0501000e+02   1.9256000e+02   1.2948000e+02   1.9588000e+02
   1.5500000e+02   0.0000000e+00   0.0000000e+00   1.5074000e+01   7.1880109e+00   1.2865000e+02   8.7980000e+01   1.8509000e+02   1.3280000e+02   9.2130000e+01   1.8094000e+02
   1.5600000e+02   0.0000000e+00   0.0000000e+00   1.8938000e+01   1.0853658e+01   1.4525000e+02   9.2130000e+01   1.8675000e+02   1.3778000e+02   9.4620000e+01   1.7928000e+02
   1.5700000e+02   0.0000000e+00   0.0000000e+00   1.5842000e+01   6.8944978e+00   1.2035000e+02   1.3861000e+02   2.3406000e+02   1.1454000e+02   1.4193000e+02   2.3240000e+02
   1.5800000e+02   0.0000000e+00   0.0000000e+00   1.9866000e+01   8.3413968e+00   1.3778000e+02   9.4620000e+01   1.7845000e+02   1.4110000e+02   9.9600000e+01   1.7264000e+02
   1.5900000e+02   0.0000000e+00   0.0000000e+00   2.0016000e+01   1.1825680e+01   1.5936000e+02   1.0458000e+02   2.5647000e+02   1.5853000e+02   9.7110000e+01   2.6560000e+02
   1.6000000e+02   0.0000000e+00   0.0000000e+00   1.1300000e+01   1.6370159e+01   1.6019000e+02   1.0541000e+02   2.5813000e+02   1.7264000e+02   1.1371000e+02   2.6477000e+02
   1.6100000e+02   0.0000000e+00   0.0000000e+00   2.1056000e+01   7.4700000e+00   1.9339000e+02   1.3031000e+02   1.9588000e+02   1.9920000e+02   1.3363000e+02   1.9256000e+02
   1.6200000e+02   0.0000000e+00   0.0000000e+00   2.0358000e+01   5.5055972e+00   1.4027000e+02   1.0043000e+02   1.7181000e+02   1.3529000e+02   1.0209000e+02   1.7015000e+02
   1.6300000e+02   0.0000000e+00   0.0000000e+00   1.8208000e+01   2.6585925e+01   1.4110000e+02   1.0043000e+02   1.7181000e+02   1.4193000e+02   1.2616000e+02   1.6517000e+02
   1.6400000e+02   0.0000000e+00   0.0000000e+00   1.9864000e+01   7.1880109e+00   1.1537000e+02   1.4276000e+02   2.3240000e+02   1.1620000e+02   1.4857000e+02   2.2825000e+02
   1.6500000e+02   0.0000000e+00   0.0000000e+00   1.7146000e+01   1.8522208e+01   2.0003000e+02   1.3446000e+02   1.9173000e+02   2.0335000e+02   1.5023000e+02   1.8260000e+02
   1.6600000e+02   0.0000000e+00   0.0000000e+00   1.7094000e+01   3.7579848e+01   1.4525000e+02   9.8770000e+01   1.7264000e+02   1.7513000e+02   7.6360000e+01   1.6849000e+02
   1.6700000e+02   0.0000000e+00   0.0000000e+00   1.8082000e+01   5.9372564e+01   1.7430000e+02   7.7190000e+01   1.6766000e+02   1.9920000e+02   6.8060000e+01   1.1454000e+02
   1.6800000e+02   0.0000000e+00   0.0000000e+00   1.6612000e+01   2.7937854e+01   1.7596000e+02   7.6360000e+01   1.6849000e+02   2.0252000e+02   6.8060000e+01   1.7098000e+02
   1.6900000e+02   0.0000000e+00   0.0000000e+00   1.9712000e+01   3.8035378e+00   1.1537000e+02   1.4940000e+02   2.2742000e+02   1.1205000e+02   1.5106000e+02   2.2659000e+02
   1.7000000e+02   0.0000000e+00   0.0000000e+00   1.7414000e+01   9.7855557e+00   2.0252000e+02   1.3280000e+02   1.9090000e+02   2.1165000e+02   1.3031000e+02   1.8841000e+02
   1.7100000e+02   0.0000000e+00   0.0000000e+00   2.2008000e+01   6.5354265e+00   2.0335000e+02   1.5106000e+02   1.8177000e+02   2.0252000e+02   1.5604000e+02   1.7762000e+02
   1.7200000e+02   0.0000000e+00   0.0000000e+00   1.8064000e+01   1.0131441e+01   2.0003000e+02   6.8890000e+01   1.1371000e+02   2.0750000e+02   7.0550000e+01   1.0707000e+02
   1.7300000e+02   0.0000000e+00   0.0000000e+00   1.8788000e+01   1.4279860e+01   2.0335000e+02   1.5687000e+02   1.7762000e+02   2.0501000e+02   1.7015000e+02   1.7264000e+02
   1.7400000e+02   0.0000000e+00   0.0000000e+00   1.6006000e+01   1.7151102e+01   2.0833000e+02   6.9720000e+01   1.0707000e+02   2.2078000e+02   6.0590000e+01   9.9600000e+01
   1.7500000e+02   0.0000000e+00   0.0000000e+00   1.4308000e+01   4.2321862e+00   2.2161000e+02   6.0590000e+01   9.9600000e+01   2.2244000e+02   5.6440000e+01   9.9600000e+01
   1.7600000e+02   0.0000000e+00   0.0000000e+00   3.0282000e+01   1.0300029e+01   2.2161000e+02   6.1420000e+01   9.8770000e+01   2.2410000e+02   6.8890000e+01   9.2130000e+01
   1.7700000e+02   0.0000000e+00   0.0000000e+00   1.4218000e+01   8.6654544e+00   2.0667000e+02   6.6400000e+01   1.7098000e+02   2.0667000e+02   5.8100000e+01   1.7347000e+02
   1.7800000e+02   0.0000000e+00   0.0000000e+00   1.4722000e+01   6.0424912e+00   2.0750000e+02   6.8060000e+01   1.7098000e+02   2.1248000e+02   6.7230000e+01   1.6766000e+02
   1.7900000e+02   0.0000000e+00   0.0000000e+00   3.4728000e+01   1.5660409e+01   2.0501000e+02   1.7098000e+02   1.7181000e+02   2.0501000e+02   1.8426000e+02   1.6351000e+02
   1.8000000e+02   0.0000000e+00   0.0000000e+00   1.7514000e+01   1.9606280e+01   2.0667000e+02   5.7270000e+01   1.7430000e+02   2.0252000e+02   3.9010000e+01   1.8011000e+02
   1.8100000e+02   0.0000000e+00   0.0000000e+00   1.4956000e+01   4.0124298e+01   2.1331000e+02   6.8060000e+01   1.6683000e+02   2.5149000e+02   7.6360000e+01   1.5770000e+02
   1.8200000e+02   0.0000000e+00   0.0000000e+00   3.9342000e+01   6.0316506e+01   2.0584000e+02   1.8343000e+02   1.6268000e+02   1.9422000e+02   1.6102000e+02   1.0790000e+02
   1.8300000e+02   0.0000000e+00   0.0000000e+00   1.7546000e+01   1.0333417e+01   2.2161000e+02   5.5610000e+01   1.0043000e+02   2.2576000e+02   4.6480000e+01   1.0292000e+02
   1.8400000e+02   0.0000000e+00   0.0000000e+00   1.6388000e+01   1.6826702e+01   2.0335000e+02   3.8180000e+01   1.8094000e+02   2.1746000e+02   2.9050000e+01   1.8177000e+02
   1.8500000e+02   0.0000000e+00   0.0000000e+00   1.7124000e+01   9.9945235e+00   2.5232000e+02   7.6360000e+01   1.5687000e+02   2.5730000e+02   6.8060000e+01   1.5936000e+02
   1.8600000e+02   0.0000000e+00   0.0000000e+00   2.5622000e+01   2.8280964e+01   2.0335000e+02   1.8675000e+02   1.6517000e+02   1.9007000e+02   2.1082000e+02   1.7181000e+02
   1.8700000e+02   0.0000000e+00   0.0000000e+00   2.0852000e+01   9.9945235e+00   1.9422000e+02   1.6102000e+02   1.0707000e+02   1.9173000e+02   1.5272000e+02   1.0209000e+02
   1.8800000e+02   0.0000000e+00   0.0000000e+00   1.7258000e+01   1.7528531e+01   2.2493000e+02   4.5650000e+01   1.0292000e+02   2.2327000e+02   2.9880000e+01   1.1039000e+02
   1.8900000e+02   0.0000000e+00   0.0000000e+00   1.7136000e+01   6.6916739e+00   2.2659000e+02   4.5650000e+01   1.0292000e+02   2.3157000e+02   4.1500000e+01   1.0126000e+02
   1.9000000e+02   0.0000000e+00   0.0000000e+00   3.0160000e+01   2.8073147e+01   2.2410000e+02   7.0550000e+01   9.0470000e+01   2.0916000e+02   9.3790000e+01   9.5450000e+01
   1.9100000e+02   0.0000000e+00   0.0000000e+00   2.8842000e+01   1.3763993e+01   2.2493000e+02   6.9720000e+01   9.0470000e+01   2.3240000e+02   6.5570000e+01   7.9680000e+01
   1.9200000e+02   0.0000000e+00   0.0000000e+00   7.5660000e+00   4.2321862e+00   2.0003000e+02   3.9010000e+01   1.8011000e+02   1.9588000e+02   3.9010000e+01   1.7928000e+02
   1.9300000e+02   0.0000000e+00   0.0000000e+00   1.1856000e+01   1.9323142e+01   2.1829000e+02   2.8220000e+01   1.8177000e+02   2.0999000e+02   1.2450000e+01   1.8924000e+02
   1.9400000e+02   0.0000000e+00   0.0000000e+00   2.2392000e+01   5.3790148e+00   2.1829000e+02   2.9050000e+01   1.8094000e+02   2.2161000e+02   2.8220000e+01   1.7679000e+02
   1.9500000e+02   0.0000000e+00   0.0000000e+00   1.7284000e+01   4.5460972e+00   2.5730000e+02   6.7230000e+01   1.5853000e+02   2.5896000e+02   6.3080000e+01   1.5770000e+02
   1.9600000e+02   0.0000000e+00   0.0000000e+00   1.3434000e+01   1.8032216e+01   2.5730000e+02   6.8890000e+01   1.6019000e+02   2.7224000e+02   6.7230000e+01   1.7015000e+02
   1.9700000e+02   0.0000000e+00   0.0000000e+00   2.2334000e+01   1.2885065e+01   1.8924000e+02   2.1165000e+02   1.7181000e+02   1.8177000e+02   2.2161000e+02   1.6849000e+02
   1.9800000e+02   0.0000000e+00   0.0000000e+00   1.6008000e+01   1.1104643e+01   1.9090000e+02   2.1165000e+02   1.7264000e+02   1.9671000e+02   2.2078000e+02   1.7513000e+02
   1.9900000e+02   0.0000000e+00   0.0000000e+00   1.3584000e+01   2.7048323e+01   1.9090000e+02   1.5355000e+02   1.0126000e+02   1.6849000e+02   1.5106000e+02   8.6320000e+01
   2.0000000e+02   0.0000000e+00   0.0000000e+00   1.8020000e+01   2.6779561e+01   1.9173000e+02   1.5189000e+02   1.0126000e+02   1.9256000e+02   1.2865000e+02   8.7980000e+01
   2.0100000e+02   0.0000000e+00   0.0000000e+00   9.8280000e+00   1.5077699e+01   2.2327000e+02   2.9050000e+01   1.0956000e+02   2.3655000e+02   2.4900000e+01   1.0375000e+02
   2.0200000e+02   0.0000000e+00   0.0000000e+00   1.4182000e+01   1.4542775e+01   2.2327000e+02   2.9050000e+01   1.1122000e+02   2.2410000e+02   1.6600000e+01   1.1869000e+02
   2.0300000e+02   0.0000000e+00   0.0000000e+00   6.5600000e+00   4.1500000e+00   1.9505000e+02   3.9840000e+01   1.7928000e+02   1.9090000e+02   3.9840000e+01   1.7928000e+02
   2.0400000e+02   0.0000000e+00   0.0000000e+00   1.4022000e+01   9.0161078e+00   1.9588000e+02   3.8180000e+01   1.7928000e+02   1.9505000e+02   3.0710000e+01   1.8426000e+02
   2.0500000e+02   0.0000000e+00   0.0000000e+00   1.3772000e+01   1.4279860e+01   2.5896000e+02   6.2250000e+01   1.5853000e+02   2.6394000e+02   5.0630000e+01   1.6517000e+02
   2.0600000e+02   0.0000000e+00   0.0000000e+00   1.7334000e+01   1.3485904e+01   1.9671000e+02   2.2161000e+02   1.7596000e+02   1.9505000e+02   2.3489000e+02   1.7762000e+02
   2.0700000e+02   0.0000000e+00   0.0000000e+00   1.9514000e+01   2.7814289e+01   1.6766000e+02   1.5189000e+02   8.5490000e+01   1.4027000e+02   1.4940000e+02   8.1340000e+01
   2.0800000e+02   0.0000000e+00   0.0000000e+00   1.6148000e+01   1.2965014e+01   1.6849000e+02   1.5023000e+02   8.5490000e+01   1.7513000e+02   1.4027000e+02   8.0510000e+01
   2.0900000e+02   0.0000000e+00   0.0000000e+00   2.0244000e+01   5.1164636e+00   1.9173000e+02   1.2865000e+02   8.7980000e+01   1.8675000e+02   1.2948000e+02   8.7150000e+01
   2.1000000e+02   0.0000000e+00   0.0000000e+00   3.3742000e+01   9.8557039e+00   2.2410000e+02   1.5770000e+01   1.1869000e+02   2.1995000e+02   1.2450000e+01   1.2699000e+02
   2.1100000e+02   0.0000000e+00   0.0000000e+00   1.5134000e+01   9.1676496e+00   2.2493000e+02   1.5770000e+01   1.1786000e+02   2.3157000e+02   1.3280000e+01   1.1205000e+02
   2.1200000e+02   0.0000000e+00   0.0000000e+00   1.9404000e+01   2.2053648e+01   2.0833000e+02   9.4620000e+01   9.5450000e+01   1.9920000e+02   1.1454000e+02   9.2960000e+01
   2.1300000e+02   0.0000000e+00   0.0000000e+00   1.1316000e+01   1.7350772e+01   1.9007000e+02   4.0670000e+01   1.7928000e+02   1.7845000e+02   5.3120000e+01   1.7596000e+02
   2.1400000e+02   0.0000000e+00   0.0000000e+00   1.6508000e+01   2.4982862e+01   2.2244000e+02   2.9050000e+01   1.7596000e+02   2.4153000e+02   3.2370000e+01   1.6019000e+02
   2.1500000e+02   0.0000000e+00   0.0000000e+00   9.8480000e+00   1.8963275e+01   2.6394000e+02   4.9800000e+01   1.6600000e+02   2.5647000e+02   3.2370000e+01   1.6600000e+02
   2.1600000e+02   0.0000000e+00   0.0000000e+00   1.1192000e+01   7.1399300e+00   2.6477000e+02   5.1460000e+01   1.6517000e+02   2.7058000e+02   5.4780000e+01   1.6766000e+02
   2.1700000e+02   0.0000000e+00   0.0000000e+00   1.2770000e+01   1.3409060e+01   2.7307000e+02   6.8060000e+01   1.7015000e+02   2.7971000e+02   7.9680000e+01   1.7098000e+02
   2.1800000e+02   0.0000000e+00   0.0000000e+00   3.3824000e+01   6.6916739e+00   1.8094000e+02   2.2244000e+02   1.6849000e+02   1.7762000e+02   2.2825000e+02   1.6849000e+02
   2.1900000e+02   0.0000000e+00   0.0000000e+00   2.7656000e+01   1.8354076e+01   1.9422000e+02   2.3572000e+02   1.7762000e+02   1.7762000e+02   2.3157000e+02   1.7098000e+02
   2.2000000e+02   0.0000000e+00   0.0000000e+00   2.1632000e+01   2.2684980e+01   1.9505000e+02   2.3572000e+02   1.7762000e+02   2.1746000e+02   2.3821000e+02   1.8011000e+02
   2.2100000e+02   0.0000000e+00   0.0000000e+00   2.0274000e+01   1.1289221e+01   1.3944000e+02   1.4857000e+02   8.1340000e+01   1.3612000e+02   1.3861000e+02   8.5490000e+01
   2.2200000e+02   0.0000000e+00   0.0000000e+00   1.8030000e+01   4.9800000e+00   1.7513000e+02   1.4110000e+02   7.9680000e+01   1.7513000e+02   1.4110000e+02   7.4700000e+01
   2.2300000e+02   0.0000000e+00   0.0000000e+00   1.9578000e+01   1.3097179e+01   1.7596000e+02   1.3944000e+02   8.1340000e+01   1.8426000e+02   1.3114000e+02   8.7150000e+01
   2.2400000e+02   0.0000000e+00   0.0000000e+00   1.8088000e+01   2.0533066e+01   2.3738000e+02   2.4070000e+01   1.0375000e+02   2.4402000e+02   5.8100000e+00   9.7110000e+01
   2.2500000e+02   0.0000000e+00   0.0000000e+00   1.1988000e+01   1.9500585e+01   1.3529000e+02   1.3778000e+02   8.4660000e+01   1.1703000e+02   1.3114000e+02   8.3000000e+01
   2.2600000e+02   0.0000000e+00   0.0000000e+00   1.8824000e+01   4.5460972e+00   1.9588000e+02   1.2367000e+02   8.9640000e+01   1.9754000e+02   1.1952000e+02   9.0470000e+01
   2.2700000e+02   0.0000000e+00   0.0000000e+00   2.6256000e+01   2.1723179e+01   1.7596000e+02   2.3157000e+02   1.6932000e+02   1.6766000e+02   2.4153000e+02   1.5189000e+02
   2.2800000e+02   0.0000000e+00   0.0000000e+00   1.5282000e+01   1.9376545e+01   2.1829000e+02   2.3821000e+02   1.8094000e+02   2.1165000e+02   2.2576000e+02   1.9422000e+02
   2.2900000e+02   0.0000000e+00   0.0000000e+00   3.7882000e+01   9.4269879e+00   1.7347000e+02   2.3406000e+02   1.7015000e+02   1.6683000e+02   2.3987000e+02   1.7347000e+02
   2.3000000e+02   0.0000000e+00   0.0000000e+00   1.4300000e+01   2.6102147e+01   1.1371000e+02   1.2699000e+02   8.3830000e+01   9.1300000e+01   1.1371000e+02   8.5490000e+01
   2.3100000e+02   0.0000000e+00   0.0000000e+00   2.7436000e+01   1.8070379e+01   1.1454000e+02   1.2616000e+02   8.5490000e+01   1.0375000e+02   1.1205000e+02   8.8810000e+01
   2.3200000e+02   0.0000000e+00   0.0000000e+00   1.8426000e+01   1.2113451e+01   1.6766000e+02   2.4236000e+02   1.5106000e+02   1.5936000e+02   2.4817000e+02   1.4442000e+02
   2.3300000e+02   0.0000000e+00   0.0000000e+00   2.0654000e+01   4.4766171e+01   1.6600000e+02   2.3904000e+02   1.7264000e+02   1.2284000e+02   2.5066000e+02   1.7513000e+02
   2.3400000e+02   0.0000000e+00   0.0000000e+00   1.4276000e+01   3.4929098e+01   1.6766000e+02   2.4070000e+02   1.7347000e+02   1.7513000e+02   2.6643000e+02   1.9588000e+02
   2.3500000e+02   0.0000000e+00   0.0000000e+00   2.1464000e+01   1.3838866e+01   1.2201000e+02   2.5066000e+02   1.7513000e+02   1.1039000e+02   2.4983000e+02   1.8260000e+02
   2.3600000e+02   0.0000000e+00   0.0000000e+00   2.0264000e+01   2.0783173e+01   1.5853000e+02   2.4900000e+02   1.4359000e+02   1.4774000e+02   2.6311000e+02   1.3280000e+02
   2.3700000e+02   0.0000000e+00   0.0000000e+00   3.6362000e+01   1.2422303e+01   1.0956000e+02   2.4900000e+02   1.8177000e+02   1.0292000e+02   2.5232000e+02   1.7181000e+02
   2.3800000e+02   0.0000000e+00   0.0000000e+00   3.0940000e+01   1.2141853e+01   1.1039000e+02   2.4900000e+02   1.8343000e+02   1.1288000e+02   2.4651000e+02   1.9505000e+02
   2.3900000e+02   0.0000000e+00   0.0000000e+00   2.1228000e+01   1.1319691e+01   1.1205000e+02   2.4568000e+02   1.9588000e+02   1.1288000e+02   2.3489000e+02   1.9920000e+02
   2.4000000e+02   0.0000000e+00   0.0000000e+00   1.7190000e+01   5.0281836e+01   1.1288000e+02   2.4651000e+02   1.9588000e+02   1.3778000e+02   2.5730000e+02   2.3821000e+02
   2.4100000e+02   0.0000000e+00   0.0000000e+00   1.6446000e+01   9.8557039e+00   9.2130000e+01   1.0873000e+02   8.6320000e+01   8.8810000e+01   9.9600000e+01   8.7980000e+01
   2.4200000e+02   0.0000000e+00   0.0000000e+00   1.8372000e+01   1.2226663e+01   1.4691000e+02   2.6394000e+02   1.3197000e+02   1.3861000e+02   2.7141000e+02   1.2699000e+02
   2.4300000e+02   0.0000000e+00   0.0000000e+00   3.1366000e+01   1.7110888e+01   1.0209000e+02   2.5315000e+02   1.7181000e+02   8.7980000e+01   2.5813000e+02   1.6351000e+02
   2.4400000e+02   0.0000000e+00   0.0000000e+00   1.5866000e+01   1.4279860e+01   8.7980000e+01   9.8770000e+01   8.8810000e+01   8.3000000e+01   8.5490000e+01   9.0470000e+01
   2.4500000e+02   0.0000000e+00   0.0000000e+00   1.5590000e+01   3.4522413e+01   8.7980000e+01   1.0043000e+02   8.7980000e+01   5.4780000e+01   9.4620000e+01   8.0510000e+01
   2.4600000e+02   0.0000000e+00   0.0000000e+00   3.3726000e+01   4.6951890e+00   5.3950000e+01   9.3790000e+01   8.0510000e+01   5.0630000e+01   9.0470000e+01   8.0510000e+01
   2.4700000e+02   0.0000000e+00   0.0000000e+00   1.6464000e+01   4.2003249e+01   1.3778000e+02   2.7224000e+02   1.2699000e+02   1.1205000e+02   2.9880000e+02   1.0707000e+02
   2.4800000e+02   0.0000000e+00   0.0000000e+00   1.7468000e+01   4.7650964e+01   8.7150000e+01   2.5813000e+02   1.6351000e+02   4.0670000e+01   2.6145000e+02   1.5355000e+02
   2.4900000e+02   0.0000000e+00   0.0000000e+00   1.8172000e+01   3.0121111e+01   8.2170000e+01   8.4660000e+01   9.0470000e+01   6.0590000e+01   6.3910000e+01   9.3790000e+01
   2.5000000e+02   0.0000000e+00   0.0000000e+00   1.8970000e+01   2.1865420e+01   3.9840000e+01   2.6145000e+02   1.5272000e+02   1.8260000e+01   2.5896000e+02   1.5023000e+02
   2.5100000e+02   0.0000000e+00   0.0000000e+00   1.1878000e+01   9.6079446e+00   4.0670000e+01   2.6145000e+02   1.5438000e+02   3.9010000e+01   2.5232000e+02   1.5687000e+02
   2.5200000e+02   0.0000000e+00   0.0000000e+00   1.9828000e+01   1.2911770e+01   1.3944000e+02   2.5730000e+02   2.4236000e+02   1.4193000e+02   2.4651000e+02   2.4900000e+02
   2.5300000e+02   0.0000000e+00   0.0000000e+00   2.1412000e+01   7.1880109e+00   1.4027000e+02   2.5896000e+02   2.4153000e+02   1.4442000e+02   2.6477000e+02   2.4236000e+02
   2.5400000e+02   0.0000000e+00   0.0000000e+00   4.1106000e+01   3.7359221e+01   5.9760000e+01   6.3080000e+01   9.2960000e+01   7.5530000e+01   3.0710000e+01   1.0292000e+02
   2.5500000e+02   0.0000000e+00   0.0000000e+00   4.1484000e+01   6.8443553e+00   5.9760000e+01   6.3910000e+01   9.2960000e+01   5.6440000e+01   6.8890000e+01   8.9640000e+01
   2.5600000e+02   0.0000000e+00   0.0000000e+00   3.1674000e+01   6.6916739e+00   4.7310000e+01   9.3790000e+01   7.8850000e+01   4.2330000e+01   8.9640000e+01   8.0510000e+01
   2.5700000e+02   0.0000000e+00   0.0000000e+00   1.9070000e+01   2.1013922e+01   1.1122000e+02   2.9963000e+02   1.0624000e+02   9.3790000e+01   2.9797000e+02   9.4620000e+01
   2.5800000e+02   0.0000000e+00   0.0000000e+00   2.5926000e+01   1.5416566e+01   1.7430000e+01   2.5979000e+02   1.5023000e+02   5.8100000e+00   2.6560000e+02   1.4193000e+02
   2.5900000e+02   0.0000000e+00   0.0000000e+00   1.7814000e+01   6.8944978e+00   1.9090000e+01   2.5813000e+02   1.5106000e+02   1.7430000e+01   2.5232000e+02   1.5438000e+02
   2.6000000e+02   0.0000000e+00   0.0000000e+00   1.8728000e+01   2.5024190e+01   7.5530000e+01   3.0710000e+01   1.0375000e+02   5.8930000e+01   2.6560000e+01   1.2201000e+02
   2.6100000e+02   0.0000000e+00   0.0000000e+00   3.9746000e+01   1.3097179e+01   7.6360000e+01   2.9880000e+01   1.0209000e+02   8.2170000e+01   1.8260000e+01   1.0375000e+02
   2.6200000e+02   0.0000000e+00   0.0000000e+00   4.0110000e+01   8.0471486e+00   5.1460000e+01   8.3830000e+01   8.3000000e+01   5.3120000e+01   7.6360000e+01   8.5490000e+01
   2.6300000e+02   0.0000000e+00   0.0000000e+00   2.4440000e+01   1.8670388e+01   9.2960000e+01   2.9797000e+02   9.3790000e+01   8.0510000e+01   3.0212000e+02   8.0510000e+01
   2.6400000e+02   0.0000000e+00   0.0000000e+00   1.8670000e+01   1.5416566e+01   3.9840000e+01   2.5149000e+02   1.5770000e+02   3.1540000e+01   2.3987000e+02   1.6351000e+02
   2.6500000e+02   0.0000000e+00   0.0000000e+00   1.8000000e+01   1.2254803e+01   1.4276000e+02   2.4568000e+02   2.4900000e+02   1.3861000e+02   2.3572000e+02   2.5481000e+02
   2.6600000e+02   0.0000000e+00   0.0000000e+00   2.8014000e+01   1.0232927e+01   8.2170000e+01   1.7430000e+01   1.0292000e+02   8.0510000e+01   1.5770000e+01   9.2960000e+01
   2.6700000e+02   0.0000000e+00   0.0000000e+00   4.0514000e+01   4.7679870e+00   5.6440000e+01   6.9720000e+01   8.8810000e+01   5.4780000e+01   7.3870000e+01   8.7150000e+01
   2.6800000e+02   0.0000000e+00   0.0000000e+00   3.8900000e+01   1.0266533e+01   4.4820000e+01   9.6280000e+01   7.6360000e+01   3.9840000e+01   1.0375000e+02   7.1380000e+01
   2.6900000e+02   0.0000000e+00   0.0000000e+00   2.7364000e+01   4.2321862e+00   4.9800000e+00   2.6643000e+02   1.4110000e+02   4.1500000e+00   2.6643000e+02   1.3695000e+02
   2.7000000e+02   0.0000000e+00   0.0000000e+00   1.1238000e+01   7.8740714e+00   1.8260000e+01   2.5149000e+02   1.5521000e+02   2.2410000e+01   2.4568000e+02   1.5853000e+02
   2.7100000e+02   0.0000000e+00   0.0000000e+00   2.0668000e+01   9.4634560e+00   3.0710000e+01   2.3904000e+02   1.6434000e+02   3.0710000e+01   2.3157000e+02   1.7015000e+02
   2.7200000e+02   0.0000000e+00   0.0000000e+00   2.0246000e+01   5.1164636e+00   3.0710000e+01   2.4070000e+02   1.6351000e+02   2.6560000e+01   2.4236000e+02   1.6102000e+02
   2.7300000e+02   0.0000000e+00   0.0000000e+00   2.4460000e+01   6.2663626e+00   1.4608000e+02   2.6809000e+02   2.4153000e+02   1.4276000e+02   2.7141000e+02   2.3738000e+02
   2.7400000e+02   0.0000000e+00   0.0000000e+00   1.6988000e+01   1.6029963e+01   1.4691000e+02   2.6726000e+02   2.4319000e+02   1.6185000e+02   2.7307000e+02   2.4319000e+02
   2.7500000e+02   0.0000000e+00   0.0000000e+00   1.8796000e+01   7.4237457e+00   1.3861000e+02   2.3489000e+02   2.5481000e+02   1.3861000e+02   2.2825000e+02   2.5813000e+02
   2.7600000e+02   0.0000000e+00   0.0000000e+00   1.9242000e+01   1.8890479e+01   1.6268000e+02   2.7224000e+02   2.4402000e+02   1.6766000e+02   2.5647000e+02   2.5315000e+02
   2.7700000e+02   0.0000000e+00   0.0000000e+00   2.8372000e+01   8.5049691e+00   5.4780000e+01   7.3040000e+01   8.6320000e+01   5.1460000e+01   6.8890000e+01   7.9680000e+01
   2.7800000e+02   0.0000000e+00   0.0000000e+00   3.6852000e+01   7.7860902e+00   3.9010000e+01   1.0458000e+02   7.0550000e+01   3.5690000e+01   1.0956000e+02   6.5570000e+01
   2.7900000e+02   0.0000000e+00   0.0000000e+00   1.2974000e+01   5.8100000e+00   4.6480000e+01   8.3830000e+01   7.5530000e+01   4.4820000e+01   8.1340000e+01   7.0550000e+01
   2.8000000e+02   0.0000000e+00   0.0000000e+00   3.8214000e+01   9.4269879e+00   7.7190000e+01   3.0544000e+02   7.7190000e+01   7.0550000e+01   3.0876000e+02   7.1380000e+01
   2.8100000e+02   0.0000000e+00   0.0000000e+00   1.8778000e+01   1.5349391e+01   3.0710000e+01   2.3074000e+02   1.7098000e+02   3.9840000e+01   2.1912000e+02   1.7513000e+02
   2.8200000e+02   0.0000000e+00   0.0000000e+00   1.8774000e+01   1.5236775e+01   1.4193000e+02   2.7224000e+02   2.3655000e+02   1.4027000e+02   2.8718000e+02   2.3406000e+02
   2.8300000e+02   0.0000000e+00   0.0000000e+00   1.4232000e+01   1.3280000e+01   1.6434000e+02   2.7390000e+02   2.4070000e+02   1.6434000e+02   2.7390000e+02   2.2742000e+02
   2.8400000e+02   0.0000000e+00   0.0000000e+00   1.2132000e+01   2.6482073e+01   1.6434000e+02   2.7473000e+02   2.4153000e+02   1.7679000e+02   2.9714000e+02   2.3489000e+02
   2.8500000e+02   0.0000000e+00   0.0000000e+00   2.0544000e+01   4.9103462e+00   5.8930000e+01   2.1580000e+01   1.2699000e+02   6.1420000e+01   1.7430000e+01   1.2782000e+02
   2.8600000e+02   0.0000000e+00   0.0000000e+00   3.7292000e+01   1.9728875e+01   6.9720000e+01   3.0959000e+02   7.2210000e+01   5.4780000e+01   3.2204000e+02   7.5530000e+01
   2.8700000e+02   0.0000000e+00   0.0000000e+00   4.0098000e+01   2.8799924e+01   7.1380000e+01   3.0793000e+02   7.0550000e+01   7.6360000e+01   2.9797000e+02   4.3990000e+01
   2.8800000e+02   0.0000000e+00   0.0000000e+00   1.5346000e+01   1.7370613e+01   1.3944000e+02   2.2742000e+02   2.5896000e+02   1.5106000e+02   2.1829000e+02   2.6809000e+02
   2.8900000e+02   0.0000000e+00   0.0000000e+00   3.7022000e+01   8.8619749e+00   3.4860000e+01   1.1039000e+02   6.5570000e+01   3.0710000e+01   1.1454000e+02   5.8930000e+01
   2.9000000e+02   0.0000000e+00   0.0000000e+00   2.2262000e+01   5.1164636e+00   4.4820000e+01   8.2170000e+01   6.9720000e+01   4.2330000e+01   8.0510000e+01   6.5570000e+01
   2.9100000e+02   0.0000000e+00   0.0000000e+00   1.7780000e+01   1.5616357e+01   3.9840000e+01   2.1829000e+02   1.7596000e+02   3.9010000e+01   2.0418000e+02   1.8260000e+02
   2.9200000e+02   0.0000000e+00   0.0000000e+00   1.3770000e+01   1.6306913e+01   1.4110000e+02   2.8801000e+02   2.3489000e+02   1.4359000e+02   3.0129000e+02   2.2576000e+02
   2.9300000e+02   0.0000000e+00   0.0000000e+00   1.7434000e+01   2.8692081e+01   1.7513000e+02   3.0129000e+02   2.3240000e+02   1.5770000e+02   3.2370000e+02   2.2825000e+02
   2.9400000e+02   0.0000000e+00   0.0000000e+00   1.7110000e+01   1.0564175e+01   1.7679000e+02   3.0212000e+02   2.3240000e+02   1.8011000e+02   3.1125000e+02   2.2825000e+02
   2.9500000e+02   0.0000000e+00   0.0000000e+00   1.5614000e+01   4.2321862e+00   6.1420000e+01   1.6600000e+01   1.2865000e+02   6.1420000e+01   1.2450000e+01   1.2948000e+02
   2.9600000e+02   0.0000000e+00   0.0000000e+00   3.1142000e+01   1.3788996e+01   4.1500000e+01   8.1340000e+01   6.4740000e+01   3.4860000e+01   7.8020000e+01   5.3120000e+01
   2.9700000e+02   0.0000000e+00   0.0000000e+00   3.4642000e+01   4.4519269e+01   5.3950000e+01   3.2204000e+02   7.5530000e+01   1.8260000e+01   3.4860000e+02   7.3870000e+01
   2.9800000e+02   0.0000000e+00   0.0000000e+00   2.8768000e+01   1.5594284e+01   7.6360000e+01   2.9880000e+02   4.3160000e+01   7.8020000e+01   2.9465000e+02   2.8220000e+01
   2.9900000e+02   0.0000000e+00   0.0000000e+00   1.5070000e+01   2.1387604e+01   1.5189000e+02   2.1829000e+02   2.6892000e+02   1.6683000e+02   2.3323000e+02   2.6560000e+02
   3.0000000e+02   0.0000000e+00   0.0000000e+00   1.9804000e+01   1.3763993e+01   1.6683000e+02   2.5232000e+02   2.5647000e+02   1.6600000e+02   2.3987000e+02   2.6228000e+02
   3.0100000e+02   0.0000000e+00   0.0000000e+00   1.3524000e+01   7.4700000e+00   6.1420000e+01   1.1620000e+01   1.3031000e+02   6.1420000e+01   4.1500000e+00   1.3031000e+02
   3.0200000e+02   0.0000000e+00   0.0000000e+00   2.7342000e+01   2.8811881e+01   3.4030000e+01   7.8850000e+01   5.2290000e+01   2.8220000e+01   1.0707000e+02   5.2290000e+01
   3.0300000e+02   0.0000000e+00   0.0000000e+00   3.2098000e+01   3.8539180e+01   3.4860000e+01   7.7190000e+01   5.2290000e+01   2.6560000e+01   4.8970000e+01   2.7390000e+01
   3.0400000e+02   0.0000000e+00   0.0000000e+00   1.8422000e+01   1.5594284e+01   3.9010000e+01   2.0335000e+02   1.8343000e+02   4.3990000e+01   1.9173000e+02   1.9256000e+02
   3.0500000e+02   0.0000000e+00   0.0000000e+00   1.6628000e+01   1.5394207e+01   1.8011000e+02   3.1291000e+02   2.2825000e+02   1.7679000e+02   3.2785000e+02   2.2659000e+02
   3.0600000e+02   0.0000000e+00   0.0000000e+00   1.3788000e+01   2.9983571e+01   1.8177000e+02   3.1291000e+02   2.2825000e+02   2.0999000e+02   3.0710000e+02   2.3655000e+02
   3.0700000e+02   0.0000000e+00   0.0000000e+00   1.3826000e+01   6.3753510e+00   1.5687000e+02   3.2868000e+02   2.2493000e+02   1.5438000e+02   3.3449000e+02   2.2410000e+02
   3.0800000e+02   0.0000000e+00   0.0000000e+00   1.4398000e+01   2.4649742e+01   1.7596000e+02   3.2868000e+02   2.2659000e+02   1.6019000e+02   3.4528000e+02   2.1746000e+02
   3.0900000e+02   0.0000000e+00   0.0000000e+00   1.2978000e+01   9.1676496e+00   2.0999000e+02   3.0627000e+02   2.3655000e+02   2.0667000e+02   2.9880000e+02   2.3240000e+02
   3.1000000e+02   0.0000000e+00   0.0000000e+00   1.1080000e+01   1.1560562e+01   2.1082000e+02   3.0710000e+02   2.3738000e+02   2.1995000e+02   3.0461000e+02   2.4402000e+02
   3.1100000e+02   0.0000000e+00   0.0000000e+00   1.7604000e+01   3.1811855e+01   4.3990000e+01   1.9090000e+02   1.9339000e+02   5.2290000e+01   1.6185000e+02   2.0335000e+02
   3.1200000e+02   0.0000000e+00   0.0000000e+00   1.4386000e+01   4.0661530e+00   1.5521000e+02   3.3532000e+02   2.2410000e+02   1.5853000e+02   3.3698000e+02   2.2244000e+02
   3.1300000e+02   0.0000000e+00   0.0000000e+00   3.9490000e+01   5.1164636e+00   2.8220000e+01   1.1869000e+02   5.5610000e+01   2.5730000e+01   1.2284000e+02   5.3950000e+01
   3.1400000e+02   0.0000000e+00   0.0000000e+00   1.2240000e+01   5.6293339e+00   1.5936000e+02   3.4611000e+02   2.1746000e+02   1.6185000e+02   3.5109000e+02   2.1663000e+02
   3.1500000e+02   0.0000000e+00   0.0000000e+00   4.1852000e+01   1.4707637e+01   2.4900000e+01   1.2367000e+02   5.3120000e+01   1.9090000e+01   1.3695000e+02   5.0630000e+01
   3.1600000e+02   0.0000000e+00   0.0000000e+00   1.9218000e+01   1.6222201e+01   5.1460000e+01   1.5853000e+02   2.0584000e+02   6.3910000e+01   1.5355000e+02   2.1497000e+02
   3.1700000e+02   0.0000000e+00   0.0000000e+00   7.4000000e+00   1.1912741e+01   1.6185000e+02   3.5192000e+02   2.1663000e+02   1.6102000e+02   3.6271000e+02   2.1165000e+02
   3.1800000e+02   0.0000000e+00   0.0000000e+00   1.4062000e+01   1.5943779e+01   1.6185000e+02   3.6354000e+02   2.1165000e+02   1.7264000e+02   3.7516000e+02   2.0999000e+02
   3.1900000e+02   0.0000000e+00   0.0000000e+00   4.2230000e+01   5.1164636e+00   1.9090000e+01   1.3778000e+02   5.1460000e+01   1.6600000e+01   1.4193000e+02   4.9800000e+01
   3.2000000e+02   0.0000000e+00   0.0000000e+00   1.4726000e+01   1.5791827e+01   6.4740000e+01   1.5272000e+02   2.1580000e+02   7.2210000e+01   1.3944000e+02   2.1995000e+02
   3.2100000e+02   0.0000000e+00   0.0000000e+00   1.7324000e+01   2.1548053e+01   1.7181000e+02   3.7599000e+02   2.0916000e+02   1.6102000e+02   3.9342000e+02   2.0252000e+02
   3.2200000e+02   0.0000000e+00   0.0000000e+00   1.3866000e+01   7.5159697e+00   1.6019000e+02   3.9259000e+02   2.0335000e+02   1.5272000e+02   3.9176000e+02   2.0335000e+02
   3.2300000e+02   0.0000000e+00   0.0000000e+00   1.6052000e+01   1.3149673e+01   1.6102000e+02   3.9425000e+02   2.0252000e+02   1.6019000e+02   4.0670000e+02   1.9837000e+02
   3.2400000e+02   0.0000000e+00   0.0000000e+00   4.2516000e+01   1.2422303e+01   1.5770000e+01   1.4276000e+02   4.8970000e+01   9.1300000e+00   1.5272000e+02   4.5650000e+01
   3.2500000e+02   0.0000000e+00   0.0000000e+00   6.9960000e+00   6.0424912e+00   7.2210000e+01   1.3861000e+02   2.2078000e+02   7.0550000e+01   1.3280000e+02   2.2078000e+02
   3.2600000e+02   0.0000000e+00   0.0000000e+00   1.7792000e+01   1.2723659e+01   1.5189000e+02   3.9093000e+02   2.0335000e+02   1.5272000e+02   3.7848000e+02   2.0584000e+02
   3.2700000e+02   0.0000000e+00   0.0000000e+00   2.0366000e+01   7.9176954e+00   1.5189000e+02   3.6686000e+02   2.1165000e+02   1.5272000e+02   3.7433000e+02   2.0916000e+02
   3.2800000e+02   0.0000000e+00   0.0000000e+00   1.7242000e+01   1.9162038e+01   1.6019000e+02   4.0753000e+02   1.9837000e+02   1.5189000e+02   4.2164000e+02   1.8841000e+02
   3.2900000e+02   0.0000000e+00   0.0000000e+00   4.0084000e+01   1.1999171e+01   8.3000000e+00   1.5355000e+02   4.4820000e+01   5.8100000e+00   1.6517000e+02   4.3160000e+01
   3.3000000e+02   0.0000000e+00   0.0000000e+00   1.1548000e+01   1.0165382e+01   6.8060000e+01   1.3031000e+02   2.2161000e+02   6.3910000e+01   1.2118000e+02   2.2327000e+02
   3.3100000e+02   0.0000000e+00   0.0000000e+00   1.2526000e+01   1.1289221e+01   6.8060000e+01   1.3197000e+02   2.2078000e+02   5.7270000e+01   1.3197000e+02   2.1746000e+02
   3.3200000e+02   0.0000000e+00   0.0000000e+00   1.5496000e+01   2.1643752e+01   1.5189000e+02   3.9508000e+02   1.9837000e+02   1.3861000e+02   4.1002000e+02   1.9007000e+02
   3.3300000e+02   0.0000000e+00   0.0000000e+00   3.0538000e+01   1.4352042e+01   5.8100000e+00   1.6600000e+02   4.2330000e+01   6.6400000e+00   1.8011000e+02   3.9840000e+01
   3.3400000e+02   0.0000000e+00   0.0000000e+00   2.1836000e+01   1.7430000e+01   6.6400000e+00   1.8094000e+02   3.9010000e+01   9.9600000e+00   1.9754000e+02   3.4860000e+01
   3.3500000e+02   0.0000000e+00   0.0000000e+00   1.8032000e+01   2.5582318e+01   7.4700000e+00   1.8011000e+02   3.9010000e+01   2.9050000e+01   1.7430000e+02   5.1460000e+01
   3.3600000e+02   0.0000000e+00   0.0000000e+00   1.6776000e+01   2.6246905e+01   6.3910000e+01   1.2035000e+02   2.2410000e+02   4.2330000e+01   1.0541000e+02   2.2410000e+02
   3.3700000e+02   0.0000000e+00   0.0000000e+00   1.4780000e+01   2.7490422e+01   5.7270000e+01   1.3197000e+02   2.1663000e+02   3.1540000e+01   1.2699000e+02   2.0833000e+02
   3.3800000e+02   0.0000000e+00   0.0000000e+00   2.0590000e+01   6.6916739e+00   4.1500000e+01   1.0458000e+02   2.2410000e+02   4.0670000e+01   9.7940000e+01   2.2410000e+02
   3.3900000e+02   0.0000000e+00   0.0000000e+00   1.9204000e+01   1.8577914e+01   1.0790000e+01   1.9837000e+02   3.4860000e+01   1.1620000e+01   2.1497000e+02   2.6560000e+01
   3.4000000e+02   0.0000000e+00   0.0000000e+00   1.5596000e+01   3.1166472e+01   2.9880000e+01   1.2699000e+02   2.0833000e+02   1.3280000e+01   1.0292000e+02   2.1912000e+02
   3.4100000e+02   0.0000000e+00   0.0000000e+00   1.3068000e+01   1.2338837e+01   3.9840000e+01   9.7110000e+01   2.2493000e+02   3.6520000e+01   8.5490000e+01   2.2742000e+02
   3.4200000e+02   0.0000000e+00   0.0000000e+00   1.6974000e+01   1.8670388e+01   3.4030000e+01   1.1122000e+02   2.1995000e+02   1.8260000e+01   1.0126000e+02   2.2078000e+02
   3.4300000e+02   0.0000000e+00   0.0000000e+00   1.5798000e+01   4.2321862e+00   3.4030000e+01   1.1205000e+02   2.1912000e+02   3.4030000e+01   1.1620000e+02   2.1829000e+02
   3.4400000e+02   0.0000000e+00   0.0000000e+00   1.7704000e+01   1.8981430e+01   1.1620000e+01   2.1580000e+02   2.5730000e+01   1.2450000e+01   2.3323000e+02   1.8260000e+01
   3.4500000e+02   0.0000000e+00   0.0000000e+00   1.6682000e+01   1.9447522e+01   3.5690000e+01   8.5490000e+01   2.2742000e+02   1.9090000e+01   7.7190000e+01   2.3323000e+02
   3.4600000e+02   0.0000000e+00   0.0000000e+00   1.1814000e+01   1.8391571e+01   3.6520000e+01   8.4660000e+01   2.2825000e+02   3.2370000e+01   6.7230000e+01   2.3240000e+02
   3.4700000e+02   0.0000000e+00   0.0000000e+00   1.5270000e+01   1.6137044e+01   1.8260000e+01   1.0043000e+02   2.2161000e+02   2.4900000e+01   8.6320000e+01   2.2576000e+02
   3.4800000e+02   0.0000000e+00   0.0000000e+00   1.5020000e+01   3.1089013e+01   3.1540000e+01   6.6400000e+01   2.3240000e+02   4.2330000e+01   3.7350000e+01   2.3489000e+02
   3.4900000e+02   0.0000000e+00   0.0000000e+00   2.0108000e+01   1.2505211e+01   2.8303000e+02   2.2327000e+02   2.0584000e+02   2.8386000e+02   2.2244000e+02   1.9339000e+02
   3.5000000e+02   0.0000000e+00   0.0000000e+00   1.7370000e+01   4.9487771e+01   2.8303000e+02   2.2244000e+02   1.9256000e+02   2.5232000e+02   1.9671000e+02   1.6351000e+02
   3.5100000e+02   0.0000000e+00   0.0000000e+00   1.6812000e+01   1.1289221e+01   2.8469000e+02   2.2327000e+02   1.9256000e+02   2.8967000e+02   2.3157000e+02   1.8675000e+02
   3.5200000e+02   0.0000000e+00   0.0000000e+00   1.2740000e+01   4.9103462e+00   2.8884000e+02   2.3157000e+02   1.8592000e+02   2.8635000e+02   2.3240000e+02   1.8177000e+02
   3.5300000e+02   0.0000000e+00   0.0000000e+00   1.0066000e+01   1.8522208e+01   2.9050000e+02   2.3240000e+02   1.8758000e+02   2.9382000e+02   2.4817000e+02   1.7845000e+02
   3.5400000e+02   0.0000000e+00   0.0000000e+00   1.0656000e+01   1.4590069e+01   2.6394000e+02   7.2210000e+01   2.6809000e+02   2.7556000e+02   6.5570000e+01   2.6228000e+02
   3.5500000e+02   0.0000000e+00   0.0000000e+00   5.3980000e+00   7.5159697e+00   2.7556000e+02   6.4740000e+01   2.6311000e+02   2.7639000e+02   5.7270000e+01   2.6311000e+02
   3.5600000e+02   0.0000000e+00   0.0000000e+00   1.2772000e+01   2.4255321e+01   2.7722000e+02   5.6440000e+01   2.6394000e+02   2.9631000e+02   5.5610000e+01   2.4900000e+02
   3.5700000e+02   0.0000000e+00   0.0000000e+00   1.3730000e+01   2.2715327e+01   2.9714000e+02   5.4780000e+01   2.4900000e+02   3.0378000e+02   3.3200000e+01   2.5149000e+02

 